* /home/choudharyabhi2015/esim-workspace/avishek_dacswitch/avishek_dacswitch.cir
Transient Analysis  Tue Oct  4 16:43:47  2022
--------------------------------------------------------------------------------
Index   time            v1#branch       v2#branch       v3#branch       
--------------------------------------------------------------------------------
0	0.000000e+00	-8.22973e-12	-2.28598e-13	0.000000e+00	
1	1.000000e-06	1.542729e-10	4.633328e-12	-2.49536e-10	
2	2.000000e-06	1.542767e-10	4.694856e-12	-2.48267e-10	
3	4.000000e-06	1.542003e-10	4.794396e-12	-2.46046e-10	
4	8.000000e-06	1.524276e-10	3.529916e-12	-2.45043e-10	
5	1.600000e-05	-2.44604e-12	-1.28101e-10	-2.48202e-10	
6	3.200000e-05	-2.41508e-07	-2.10052e-07	-3.24592e-10	
7	6.400000e-05	-6.35063e-10	-5.32774e-10	-2.34973e-10	
8	9.417497e-05	2.290602e-10	5.905652e-10	-2.91878e-10	
9	1.000000e-04	-5.56494e-11	-3.96111e-10	-3.97349e-10	
10	1.029176e-04	-6.32452e-12	-7.47036e-13	3.603922e-14	
11	1.087529e-04	-6.36090e-12	-5.10262e-13	-3.59386e-14	
12	1.204234e-04	-6.32446e-12	-7.46969e-13	3.593766e-14	
13	1.437645e-04	-6.36093e-12	-5.10254e-13	-3.59472e-14	
14	1.904465e-04	-6.32455e-12	-7.46941e-13	3.593894e-14	
15	2.838107e-04	-6.36096e-12	-5.10260e-13	-3.59405e-14	
16	4.705390e-04	-6.32459e-12	-7.46935e-13	3.593925e-14	
17	8.439957e-04	-6.36103e-12	-5.10263e-13	-3.59396e-14	
18	1.590909e-03	-6.32452e-12	-7.46933e-13	3.593933e-14	
19	3.084736e-03	-6.36106e-12	-5.10263e-13	-3.59394e-14	
20	6.072389e-03	-6.32455e-12	-7.46932e-13	3.593935e-14	
21	1.204770e-02	-6.36095e-12	-5.10263e-13	-3.59394e-14	
22	2.399831e-02	-6.32448e-12	-7.46932e-13	3.593936e-14	
23	4.789954e-02	-6.36097e-12	-5.10263e-13	-3.59394e-14	
24	9.570199e-02	-6.32453e-12	-7.46932e-13	3.593936e-14	
25	1.913069e-01	-6.36108e-12	-5.10263e-13	-3.59394e-14	
26	2.913069e-01	-6.32447e-12	-7.46932e-13	3.593936e-14	
27	3.913069e-01	-6.36100e-12	-5.10263e-13	-3.59394e-14	
28	4.913069e-01	-6.32447e-12	-7.46932e-13	3.593936e-14	
29	5.913069e-01	-6.36100e-12	-5.10263e-13	-3.59394e-14	
30	6.913069e-01	-6.32447e-12	-7.46932e-13	3.593936e-14	
31	7.913069e-01	-6.36100e-12	-5.10263e-13	-3.59394e-14	
32	8.913069e-01	-6.32447e-12	-7.46932e-13	3.593935e-14	
33	9.913069e-01	-6.36100e-12	-5.10263e-13	-3.59394e-14	
34	1.000100e+00	-6.32450e-12	-7.46932e-13	3.593934e-14	
35	1.000110e+00	-9.48933e-11	-8.72209e-11	3.305327e-10	
36	1.000130e+00	-8.81457e-11	3.280369e-11	1.889013e-10	
37	1.000170e+00	-1.16097e-07	-9.97382e-08	3.646473e-10	
38	1.000200e+00	5.629072e-10	-2.48654e-11	1.598323e-10	
39	1.000204e+00	-8.18954e-12	-2.28818e-13	-1.30109e-14	
40	1.000213e+00	-8.26990e-12	-2.28378e-13	1.300510e-14	
41	1.000231e+00	-8.18955e-12	-2.28818e-13	-1.30048e-14	
42	1.000266e+00	-8.26994e-12	-2.28378e-13	1.300443e-14	
43	1.000336e+00	-8.18957e-12	-2.28818e-13	-1.30042e-14	
44	1.000476e+00	-8.26994e-12	-2.28378e-13	1.300415e-14	
45	1.000757e+00	-8.18949e-12	-2.28818e-13	-1.30041e-14	
46	1.001318e+00	-8.26993e-12	-2.28378e-13	1.300408e-14	
47	1.002440e+00	-8.18954e-12	-2.28818e-13	-1.30041e-14	
48	1.004684e+00	-8.26989e-12	-2.28378e-13	1.300406e-14	
49	1.009173e+00	-8.18954e-12	-2.28818e-13	-1.30041e-14	
50	1.018150e+00	-8.26988e-12	-2.28378e-13	1.300406e-14	
51	1.036105e+00	-8.18950e-12	-2.28818e-13	-1.30041e-14	
52	1.072014e+00	-8.26989e-12	-2.28378e-13	1.300406e-14	
53	1.143832e+00	-8.18955e-12	-2.28818e-13	-1.30041e-14	
54	1.243832e+00	-8.26987e-12	-2.28378e-13	1.300406e-14	

Index   time            v1#branch       v2#branch       v3#branch       
--------------------------------------------------------------------------------
55	1.343832e+00	-8.18954e-12	-2.28818e-13	-1.30041e-14	
56	1.443832e+00	-8.26983e-12	-2.28378e-13	1.300406e-14	
57	1.543832e+00	-8.18954e-12	-2.28818e-13	-1.30041e-14	
58	1.643832e+00	-8.26983e-12	-2.28378e-13	1.300406e-14	
59	1.743832e+00	-8.18954e-12	-2.28818e-13	-1.30041e-14	
60	1.843832e+00	-8.26983e-12	-2.28378e-13	1.300406e-14	
61	1.943832e+00	-8.18954e-12	-2.28818e-13	-1.30041e-14	
62	2.000000e+00	-8.26995e-12	-2.28378e-13	1.300406e-14	
63	2.000010e+00	1.478481e-10	-5.73505e-13	-2.46361e-10	
64	2.000030e+00	-1.15007e-07	-9.97191e-08	-2.93889e-10	
65	2.000070e+00	-1.10174e-10	-4.22868e-10	-2.59611e-10	
66	2.000100e+00	2.157662e-10	5.150759e-10	-3.07102e-10	
67	2.000104e+00	-6.10202e-12	-2.04267e-12	5.370757e-13	
68	2.000113e+00	-6.58715e-12	8.176087e-13	-5.42870e-13	
69	2.000131e+00	-6.09451e-12	-2.08415e-12	5.507297e-13	
70	2.000166e+00	-6.59099e-12	8.268526e-13	-5.50682e-13	
71	2.000237e+00	-6.09456e-12	-2.08401e-12	5.506575e-13	
72	2.000379e+00	-6.59100e-12	8.267781e-13	-5.50654e-13	
73	2.000662e+00	-6.09459e-12	-2.08396e-12	5.506458e-13	
74	2.001229e+00	-6.59087e-12	8.267607e-13	-5.50645e-13	
75	2.002363e+00	-6.09453e-12	-2.08395e-12	5.506429e-13	
76	2.004631e+00	-6.59089e-12	8.267564e-13	-5.50643e-13	
77	2.009166e+00	-6.09456e-12	-2.08395e-12	5.506422e-13	
78	2.018236e+00	-6.59091e-12	8.267553e-13	-5.50642e-13	
79	2.036377e+00	-6.09460e-12	-2.08395e-12	5.506420e-13	
80	2.072658e+00	-6.59101e-12	8.267550e-13	-5.50642e-13	
81	2.145220e+00	-6.09456e-12	-2.08395e-12	5.506419e-13	
82	2.245220e+00	-6.59093e-12	8.267550e-13	-5.50642e-13	
83	2.345220e+00	-6.09458e-12	-2.08395e-12	5.506419e-13	
84	2.445220e+00	-6.59093e-12	8.267549e-13	-5.50642e-13	
85	2.545220e+00	-6.09458e-12	-2.08395e-12	5.506419e-13	
86	2.645220e+00	-6.59093e-12	8.267548e-13	-5.50642e-13	
87	2.745220e+00	-6.09458e-12	-2.08395e-12	5.506419e-13	
88	2.845220e+00	-6.59093e-12	8.267548e-13	-5.50642e-13	
89	2.945220e+00	-6.09458e-12	-2.08395e-12	5.506418e-13	
90	3.000100e+00	-6.59093e-12	8.267547e-13	-5.50642e-13	
91	3.000110e+00	-9.48933e-11	-8.72208e-11	3.305326e-10	
92	3.000130e+00	-8.81456e-11	3.280360e-11	1.889013e-10	
93	3.000170e+00	-1.16097e-07	-9.97382e-08	3.646473e-10	
94	3.000200e+00	5.629073e-10	-2.48654e-11	1.598324e-10	
95	3.000204e+00	-8.18953e-12	-2.28818e-13	-1.30109e-14	
96	3.000213e+00	-8.26985e-12	-2.28378e-13	1.300510e-14	
97	3.000231e+00	-8.18956e-12	-2.28818e-13	-1.30048e-14	
98	3.000266e+00	-8.26994e-12	-2.28378e-13	1.300443e-14	
99	3.000336e+00	-8.18957e-12	-2.28818e-13	-1.30042e-14	
100	3.000476e+00	-8.26994e-12	-2.28378e-13	1.300415e-14	
101	3.000757e+00	-8.18949e-12	-2.28818e-13	-1.30041e-14	
102	3.001318e+00	-8.26993e-12	-2.28378e-13	1.300408e-14	
103	3.002440e+00	-8.18954e-12	-2.28818e-13	-1.30041e-14	
104	3.004684e+00	-8.26989e-12	-2.28378e-13	1.300407e-14	
105	3.009173e+00	-8.18954e-12	-2.28818e-13	-1.30041e-14	
106	3.018150e+00	-8.26988e-12	-2.28378e-13	1.300406e-14	
107	3.036105e+00	-8.18951e-12	-2.28818e-13	-1.30041e-14	
108	3.072014e+00	-8.26989e-12	-2.28378e-13	1.300406e-14	
109	3.143832e+00	-8.18955e-12	-2.28818e-13	-1.30041e-14	
110	3.243832e+00	-8.26987e-12	-2.28378e-13	1.300406e-14	
111	3.343832e+00	-8.18954e-12	-2.28818e-13	-1.30041e-14	
112	3.443832e+00	-8.26983e-12	-2.28378e-13	1.300406e-14	

Index   time            v1#branch       v2#branch       v3#branch       
--------------------------------------------------------------------------------
113	3.543832e+00	-8.18954e-12	-2.28818e-13	-1.30041e-14	
114	3.643832e+00	-8.26983e-12	-2.28378e-13	1.300406e-14	
115	3.743832e+00	-8.18954e-12	-2.28818e-13	-1.30041e-14	
116	3.843832e+00	-8.26983e-12	-2.28378e-13	1.300406e-14	
117	3.943832e+00	-8.18954e-12	-2.28818e-13	-1.30041e-14	
118	4.000000e+00	-8.26995e-12	-2.28378e-13	1.300406e-14	
119	4.000010e+00	1.478480e-10	-5.73505e-13	-2.46361e-10	
120	4.000030e+00	-1.15007e-07	-9.97191e-08	-2.93889e-10	
121	4.000070e+00	-1.10174e-10	-4.22868e-10	-2.59611e-10	
122	4.000100e+00	2.157662e-10	5.150759e-10	-3.07102e-10	
123	4.000104e+00	-6.10202e-12	-2.04267e-12	5.370757e-13	
124	4.000113e+00	-6.58715e-12	8.176087e-13	-5.42870e-13	
125	4.000131e+00	-6.09451e-12	-2.08415e-12	5.507297e-13	
126	4.000166e+00	-6.59099e-12	8.268526e-13	-5.50682e-13	
127	4.000237e+00	-6.09456e-12	-2.08401e-12	5.506575e-13	
128	4.000379e+00	-6.59100e-12	8.267781e-13	-5.50654e-13	
129	4.000662e+00	-6.09459e-12	-2.08396e-12	5.506458e-13	
130	4.001229e+00	-6.59087e-12	8.267607e-13	-5.50645e-13	
131	4.002363e+00	-6.09453e-12	-2.08395e-12	5.506429e-13	
132	4.004631e+00	-6.59089e-12	8.267564e-13	-5.50643e-13	
133	4.009166e+00	-6.09456e-12	-2.08395e-12	5.506422e-13	
134	4.018236e+00	-6.59091e-12	8.267553e-13	-5.50642e-13	
135	4.036377e+00	-6.09460e-12	-2.08395e-12	5.506420e-13	
136	4.072658e+00	-6.59101e-12	8.267550e-13	-5.50642e-13	
137	4.145220e+00	-6.09456e-12	-2.08395e-12	5.506419e-13	
138	4.245220e+00	-6.59093e-12	8.267549e-13	-5.50642e-13	
139	4.345220e+00	-6.09458e-12	-2.08395e-12	5.506419e-13	
140	4.445220e+00	-6.59093e-12	8.267549e-13	-5.50642e-13	
141	4.545220e+00	-6.09458e-12	-2.08395e-12	5.506419e-13	
142	4.645220e+00	-6.59093e-12	8.267548e-13	-5.50642e-13	
143	4.745220e+00	-6.09458e-12	-2.08395e-12	5.506418e-13	
144	4.845220e+00	-6.59093e-12	8.267547e-13	-5.50642e-13	
145	4.945220e+00	-6.09458e-12	-2.08395e-12	5.506418e-13	
146	5.000100e+00	-6.59093e-12	8.267546e-13	-5.50642e-13	
147	5.000110e+00	-9.48933e-11	-8.72208e-11	3.305326e-10	
148	5.000130e+00	-8.81456e-11	3.280360e-11	1.889013e-10	
149	5.000170e+00	-1.16097e-07	-9.97382e-08	3.646473e-10	
150	5.000200e+00	5.629073e-10	-2.48654e-11	1.598324e-10	
151	5.000204e+00	-8.18952e-12	-2.28818e-13	-1.30109e-14	
152	5.000213e+00	-8.26990e-12	-2.28378e-13	1.300507e-14	
153	5.000231e+00	-8.18956e-12	-2.28818e-13	-1.30048e-14	
154	5.000266e+00	-8.26994e-12	-2.28378e-13	1.300440e-14	
155	5.000336e+00	-8.18957e-12	-2.28818e-13	-1.30042e-14	
156	5.000476e+00	-8.26994e-12	-2.28378e-13	1.300413e-14	
157	5.000757e+00	-8.18949e-12	-2.28818e-13	-1.30041e-14	
158	5.001318e+00	-8.26993e-12	-2.28378e-13	1.300406e-14	
159	5.002440e+00	-8.18954e-12	-2.28818e-13	-1.30040e-14	
160	5.004684e+00	-8.26989e-12	-2.28378e-13	1.300404e-14	
161	5.009173e+00	-8.18954e-12	-2.28818e-13	-1.30040e-14	
162	5.018150e+00	-8.26988e-12	-2.28378e-13	1.300404e-14	
163	5.036105e+00	-8.18951e-12	-2.28818e-13	-1.30040e-14	
164	5.072014e+00	-8.26989e-12	-2.28378e-13	1.300403e-14	
165	5.143832e+00	-8.18955e-12	-2.28818e-13	-1.30040e-14	
166	5.243832e+00	-8.26987e-12	-2.28378e-13	1.300403e-14	
167	5.343832e+00	-8.18954e-12	-2.28818e-13	-1.30040e-14	
168	5.443832e+00	-8.26983e-12	-2.28378e-13	1.300403e-14	
169	5.543832e+00	-8.18954e-12	-2.28818e-13	-1.30040e-14	
170	5.643832e+00	-8.26983e-12	-2.28378e-13	1.300403e-14	

Index   time            v1#branch       v2#branch       v3#branch       
--------------------------------------------------------------------------------
171	5.743832e+00	-8.18954e-12	-2.28818e-13	-1.30040e-14	
172	5.843832e+00	-8.26983e-12	-2.28378e-13	1.300403e-14	
173	5.943832e+00	-8.18954e-12	-2.28818e-13	-1.30040e-14	
174	6.000000e+00	-8.26995e-12	-2.28378e-13	1.300403e-14	
175	6.000010e+00	1.478480e-10	-5.73505e-13	-2.46361e-10	
176	6.000030e+00	-1.15007e-07	-9.97191e-08	-2.93889e-10	
177	6.000070e+00	-1.10174e-10	-4.22868e-10	-2.59611e-10	
178	6.000100e+00	2.157662e-10	5.150759e-10	-3.07102e-10	
179	6.000104e+00	-6.10202e-12	-2.04267e-12	5.370757e-13	
180	6.000113e+00	-6.58715e-12	8.176087e-13	-5.42870e-13	
181	6.000131e+00	-6.09451e-12	-2.08415e-12	5.507297e-13	
182	6.000166e+00	-6.59099e-12	8.268526e-13	-5.50682e-13	
183	6.000237e+00	-6.09456e-12	-2.08401e-12	5.506575e-13	
184	6.000379e+00	-6.59100e-12	8.267781e-13	-5.50654e-13	
185	6.000662e+00	-6.09459e-12	-2.08396e-12	5.506458e-13	
186	6.001229e+00	-6.59087e-12	8.267607e-13	-5.50645e-13	
187	6.002363e+00	-6.09453e-12	-2.08395e-12	5.506429e-13	
188	6.004631e+00	-6.59089e-12	8.267564e-13	-5.50643e-13	
189	6.009166e+00	-6.09456e-12	-2.08395e-12	5.506422e-13	
190	6.018236e+00	-6.59091e-12	8.267553e-13	-5.50642e-13	
191	6.036377e+00	-6.09460e-12	-2.08395e-12	5.506420e-13	
192	6.072658e+00	-6.59101e-12	8.267550e-13	-5.50642e-13	
193	6.145220e+00	-6.09456e-12	-2.08395e-12	5.506419e-13	
194	6.245220e+00	-6.59093e-12	8.267549e-13	-5.50642e-13	
195	6.345220e+00	-6.09458e-12	-2.08395e-12	5.506419e-13	
196	6.445220e+00	-6.59093e-12	8.267549e-13	-5.50642e-13	
197	6.545220e+00	-6.09458e-12	-2.08395e-12	5.506419e-13	
198	6.645220e+00	-6.59093e-12	8.267548e-13	-5.50642e-13	
199	6.745220e+00	-6.09458e-12	-2.08395e-12	5.506418e-13	
200	6.845220e+00	-6.59093e-12	8.267547e-13	-5.50642e-13	
201	6.945220e+00	-6.09458e-12	-2.08395e-12	5.506418e-13	
202	7.000100e+00	-6.59093e-12	8.267546e-13	-5.50642e-13	
203	7.000110e+00	-9.48933e-11	-8.72208e-11	3.305326e-10	
204	7.000130e+00	-8.81456e-11	3.280360e-11	1.889013e-10	
205	7.000170e+00	-1.16097e-07	-9.97382e-08	3.646473e-10	
206	7.000200e+00	5.629073e-10	-2.48654e-11	1.598324e-10	
207	7.000204e+00	-8.18952e-12	-2.28818e-13	-1.30109e-14	
208	7.000213e+00	-8.26990e-12	-2.28378e-13	1.300507e-14	
209	7.000231e+00	-8.18956e-12	-2.28818e-13	-1.30048e-14	
210	7.000266e+00	-8.26994e-12	-2.28378e-13	1.300440e-14	
211	7.000336e+00	-8.18957e-12	-2.28818e-13	-1.30042e-14	
212	7.000476e+00	-8.26994e-12	-2.28378e-13	1.300413e-14	
213	7.000757e+00	-8.18949e-12	-2.28818e-13	-1.30041e-14	
214	7.001318e+00	-8.26993e-12	-2.28378e-13	1.300406e-14	
215	7.002440e+00	-8.18954e-12	-2.28818e-13	-1.30040e-14	
216	7.004684e+00	-8.26989e-12	-2.28378e-13	1.300404e-14	
217	7.009173e+00	-8.18954e-12	-2.28818e-13	-1.30040e-14	
218	7.018150e+00	-8.26988e-12	-2.28378e-13	1.300404e-14	
219	7.036105e+00	-8.18951e-12	-2.28818e-13	-1.30040e-14	
220	7.072014e+00	-8.26989e-12	-2.28378e-13	1.300403e-14	
221	7.143832e+00	-8.18955e-12	-2.28818e-13	-1.30040e-14	
222	7.243832e+00	-8.26987e-12	-2.28378e-13	1.300403e-14	
223	7.343832e+00	-8.18954e-12	-2.28818e-13	-1.30040e-14	
224	7.443832e+00	-8.26983e-12	-2.28378e-13	1.300403e-14	
225	7.543832e+00	-8.18954e-12	-2.28818e-13	-1.30040e-14	
226	7.643832e+00	-8.26983e-12	-2.28378e-13	1.300403e-14	
227	7.743832e+00	-8.18954e-12	-2.28818e-13	-1.30040e-14	
228	7.843832e+00	-8.26983e-12	-2.28378e-13	1.300403e-14	

Index   time            v1#branch       v2#branch       v3#branch       
--------------------------------------------------------------------------------
229	7.943832e+00	-8.18954e-12	-2.28818e-13	-1.30040e-14	
230	8.000000e+00	-8.26995e-12	-2.28378e-13	1.300403e-14	
231	8.000010e+00	1.478480e-10	-5.73505e-13	-2.46361e-10	
232	8.000030e+00	-1.15007e-07	-9.97191e-08	-2.93889e-10	
233	8.000070e+00	-1.10174e-10	-4.22868e-10	-2.59611e-10	
234	8.000100e+00	2.157662e-10	5.150759e-10	-3.07102e-10	
235	8.000104e+00	-6.10202e-12	-2.04267e-12	5.370757e-13	
236	8.000113e+00	-6.58715e-12	8.176087e-13	-5.42870e-13	
237	8.000131e+00	-6.09451e-12	-2.08415e-12	5.507297e-13	
238	8.000166e+00	-6.59099e-12	8.268526e-13	-5.50682e-13	
239	8.000237e+00	-6.09456e-12	-2.08401e-12	5.506575e-13	
240	8.000379e+00	-6.59100e-12	8.267781e-13	-5.50654e-13	
241	8.000662e+00	-6.09459e-12	-2.08396e-12	5.506458e-13	
242	8.001229e+00	-6.59087e-12	8.267607e-13	-5.50645e-13	
243	8.002363e+00	-6.09453e-12	-2.08395e-12	5.506429e-13	
244	8.004631e+00	-6.59089e-12	8.267564e-13	-5.50643e-13	
245	8.009166e+00	-6.09456e-12	-2.08395e-12	5.506421e-13	
246	8.018236e+00	-6.59091e-12	8.267553e-13	-5.50642e-13	
247	8.036377e+00	-6.09460e-12	-2.08395e-12	5.506420e-13	
248	8.072658e+00	-6.59101e-12	8.267550e-13	-5.50642e-13	
249	8.145220e+00	-6.09456e-12	-2.08395e-12	5.506419e-13	
250	8.245220e+00	-6.59093e-12	8.267549e-13	-5.50642e-13	
251	8.345220e+00	-6.09458e-12	-2.08395e-12	5.506419e-13	
252	8.445220e+00	-6.59093e-12	8.267549e-13	-5.50642e-13	
253	8.545220e+00	-6.09458e-12	-2.08395e-12	5.506419e-13	
254	8.645220e+00	-6.59093e-12	8.267548e-13	-5.50642e-13	
255	8.745220e+00	-6.09458e-12	-2.08395e-12	5.506418e-13	
256	8.845220e+00	-6.59093e-12	8.267547e-13	-5.50642e-13	
257	8.945220e+00	-6.09458e-12	-2.08395e-12	5.506418e-13	
258	9.000100e+00	-6.59093e-12	8.267546e-13	-5.50642e-13	
259	9.000110e+00	-9.48933e-11	-8.72208e-11	3.305326e-10	
260	9.000130e+00	-8.81456e-11	3.280360e-11	1.889013e-10	
261	9.000170e+00	-1.16097e-07	-9.97382e-08	3.646473e-10	
262	9.000200e+00	5.629073e-10	-2.48654e-11	1.598324e-10	
263	9.000204e+00	-8.18958e-12	-2.28818e-13	-1.30109e-14	
264	9.000213e+00	-8.26990e-12	-2.28378e-13	1.300507e-14	
265	9.000231e+00	-8.18956e-12	-2.28818e-13	-1.30048e-14	
266	9.000266e+00	-8.26994e-12	-2.28378e-13	1.300440e-14	
267	9.000336e+00	-8.18957e-12	-2.28818e-13	-1.30042e-14	
268	9.000476e+00	-8.26994e-12	-2.28378e-13	1.300413e-14	
269	9.000757e+00	-8.18949e-12	-2.28818e-13	-1.30041e-14	
270	9.001318e+00	-8.26993e-12	-2.28378e-13	1.300406e-14	
271	9.002440e+00	-8.18954e-12	-2.28818e-13	-1.30040e-14	
272	9.004684e+00	-8.26989e-12	-2.28378e-13	1.300404e-14	
273	9.009173e+00	-8.18954e-12	-2.28818e-13	-1.30040e-14	
274	9.018150e+00	-8.26988e-12	-2.28378e-13	1.300404e-14	
275	9.036105e+00	-8.18951e-12	-2.28818e-13	-1.30040e-14	
276	9.072014e+00	-8.26989e-12	-2.28378e-13	1.300403e-14	
277	9.143832e+00	-8.18955e-12	-2.28818e-13	-1.30040e-14	
278	9.243832e+00	-8.26987e-12	-2.28378e-13	1.300403e-14	
279	9.343832e+00	-8.18954e-12	-2.28818e-13	-1.30040e-14	
280	9.443832e+00	-8.26983e-12	-2.28378e-13	1.300403e-14	
281	9.543832e+00	-8.18954e-12	-2.28818e-13	-1.30040e-14	
282	9.643832e+00	-8.26983e-12	-2.28378e-13	1.300403e-14	
283	9.743832e+00	-8.18954e-12	-2.28818e-13	-1.30040e-14	
284	9.843832e+00	-8.26983e-12	-2.28378e-13	1.300403e-14	
285	9.943832e+00	-8.18954e-12	-2.28818e-13	-1.30040e-14	
286	1.000000e+01	-8.26995e-12	-2.28378e-13	1.300403e-14	

Index   time            v1#branch       v2#branch       v3#branch       
--------------------------------------------------------------------------------
287	1.000001e+01	1.478480e-10	-5.73505e-13	-2.46361e-10	
288	1.000003e+01	-1.15007e-07	-9.97191e-08	-2.93889e-10	
289	1.000007e+01	-1.10174e-10	-4.22868e-10	-2.59611e-10	
290	1.000010e+01	2.157662e-10	5.150759e-10	-3.07102e-10	
291	1.000010e+01	-6.10202e-12	-2.04267e-12	5.370757e-13	
292	1.000011e+01	-6.58715e-12	8.176087e-13	-5.42870e-13	
293	1.000013e+01	-6.09451e-12	-2.08415e-12	5.507297e-13	
294	1.000017e+01	-6.59099e-12	8.268526e-13	-5.50682e-13	
295	1.000024e+01	-6.09456e-12	-2.08401e-12	5.506575e-13	
296	1.000038e+01	-6.59100e-12	8.267781e-13	-5.50654e-13	
297	1.000066e+01	-6.09459e-12	-2.08396e-12	5.506458e-13	
298	1.000123e+01	-6.59087e-12	8.267607e-13	-5.50645e-13	
299	1.000236e+01	-6.09453e-12	-2.08395e-12	5.506429e-13	
300	1.000463e+01	-6.59089e-12	8.267564e-13	-5.50643e-13	
301	1.000917e+01	-6.09456e-12	-2.08395e-12	5.506421e-13	
302	1.001824e+01	-6.59091e-12	8.267553e-13	-5.50642e-13	
303	1.003638e+01	-6.09460e-12	-2.08395e-12	5.506420e-13	
304	1.007266e+01	-6.59101e-12	8.267550e-13	-5.50642e-13	
305	1.014522e+01	-6.09456e-12	-2.08395e-12	5.506419e-13	
306	1.024522e+01	-6.59093e-12	8.267549e-13	-5.50642e-13	
307	1.034522e+01	-6.09458e-12	-2.08395e-12	5.506419e-13	
308	1.044522e+01	-6.59093e-12	8.267549e-13	-5.50642e-13	
309	1.054522e+01	-6.09458e-12	-2.08395e-12	5.506419e-13	
310	1.064522e+01	-6.59093e-12	8.267548e-13	-5.50642e-13	
311	1.074522e+01	-6.09458e-12	-2.08395e-12	5.506418e-13	
312	1.084522e+01	-6.59093e-12	8.267547e-13	-5.50642e-13	
313	1.094522e+01	-6.09458e-12	-2.08395e-12	5.506418e-13	
314	1.100010e+01	-6.59093e-12	8.267546e-13	-5.50642e-13	
315	1.100011e+01	-9.48933e-11	-8.72208e-11	3.305326e-10	
316	1.100013e+01	-8.81456e-11	3.280360e-11	1.889013e-10	
317	1.100017e+01	-1.16097e-07	-9.97382e-08	3.646473e-10	
318	1.100020e+01	5.629073e-10	-2.48654e-11	1.598324e-10	
319	1.100020e+01	-8.18958e-12	-2.28818e-13	-1.30109e-14	
320	1.100021e+01	-8.26990e-12	-2.28378e-13	1.300507e-14	
321	1.100023e+01	-8.18956e-12	-2.28818e-13	-1.30048e-14	
322	1.100027e+01	-8.26994e-12	-2.28378e-13	1.300440e-14	
323	1.100034e+01	-8.18957e-12	-2.28818e-13	-1.30042e-14	
324	1.100048e+01	-8.26994e-12	-2.28378e-13	1.300413e-14	
325	1.100076e+01	-8.18949e-12	-2.28818e-13	-1.30041e-14	
326	1.100132e+01	-8.26993e-12	-2.28378e-13	1.300406e-14	
327	1.100244e+01	-8.18954e-12	-2.28818e-13	-1.30040e-14	
328	1.100468e+01	-8.26989e-12	-2.28378e-13	1.300404e-14	
329	1.100917e+01	-8.18954e-12	-2.28818e-13	-1.30040e-14	
330	1.101815e+01	-8.26988e-12	-2.28378e-13	1.300404e-14	
331	1.103610e+01	-8.18951e-12	-2.28818e-13	-1.30040e-14	
332	1.107201e+01	-8.26989e-12	-2.28378e-13	1.300403e-14	
333	1.114383e+01	-8.18955e-12	-2.28818e-13	-1.30040e-14	
334	1.124383e+01	-8.26987e-12	-2.28378e-13	1.300403e-14	
335	1.134383e+01	-8.18954e-12	-2.28818e-13	-1.30040e-14	
336	1.144383e+01	-8.26983e-12	-2.28378e-13	1.300403e-14	
337	1.154383e+01	-8.18954e-12	-2.28818e-13	-1.30040e-14	
338	1.164383e+01	-8.26983e-12	-2.28378e-13	1.300403e-14	
339	1.174383e+01	-8.18954e-12	-2.28818e-13	-1.30040e-14	
340	1.184383e+01	-8.26983e-12	-2.28378e-13	1.300403e-14	
341	1.194383e+01	-8.18954e-12	-2.28818e-13	-1.30040e-14	
342	1.200000e+01	-8.26995e-12	-2.28378e-13	1.300403e-14	
343	1.200001e+01	1.478480e-10	-5.73505e-13	-2.46361e-10	
344	1.200003e+01	-1.15007e-07	-9.97191e-08	-2.93889e-10	

Index   time            v1#branch       v2#branch       v3#branch       
--------------------------------------------------------------------------------
345	1.200007e+01	-1.10174e-10	-4.22868e-10	-2.59611e-10	
346	1.200010e+01	2.157662e-10	5.150759e-10	-3.07102e-10	
347	1.200010e+01	-6.10202e-12	-2.04267e-12	5.370757e-13	
348	1.200011e+01	-6.58715e-12	8.176087e-13	-5.42870e-13	
349	1.200013e+01	-6.09451e-12	-2.08415e-12	5.507297e-13	
350	1.200017e+01	-6.59099e-12	8.268526e-13	-5.50682e-13	
351	1.200024e+01	-6.09456e-12	-2.08401e-12	5.506575e-13	
352	1.200038e+01	-6.59100e-12	8.267781e-13	-5.50654e-13	
353	1.200066e+01	-6.09459e-12	-2.08396e-12	5.506458e-13	
354	1.200123e+01	-6.59087e-12	8.267607e-13	-5.50645e-13	
355	1.200236e+01	-6.09453e-12	-2.08395e-12	5.506429e-13	
356	1.200463e+01	-6.59089e-12	8.267564e-13	-5.50643e-13	
357	1.200917e+01	-6.09456e-12	-2.08395e-12	5.506421e-13	
358	1.201824e+01	-6.59091e-12	8.267553e-13	-5.50642e-13	
359	1.203638e+01	-6.09460e-12	-2.08395e-12	5.506420e-13	
360	1.207266e+01	-6.59101e-12	8.267550e-13	-5.50642e-13	
361	1.214522e+01	-6.09456e-12	-2.08395e-12	5.506419e-13	
362	1.224522e+01	-6.59093e-12	8.267549e-13	-5.50642e-13	
363	1.234522e+01	-6.09458e-12	-2.08395e-12	5.506419e-13	
364	1.244522e+01	-6.59093e-12	8.267549e-13	-5.50642e-13	
365	1.254522e+01	-6.09458e-12	-2.08395e-12	5.506419e-13	
366	1.264522e+01	-6.59093e-12	8.267548e-13	-5.50642e-13	
367	1.274522e+01	-6.09458e-12	-2.08395e-12	5.506418e-13	
368	1.284522e+01	-6.59093e-12	8.267547e-13	-5.50642e-13	
369	1.294522e+01	-6.09458e-12	-2.08395e-12	5.506418e-13	
370	1.300010e+01	-6.59093e-12	8.267546e-13	-5.50642e-13	
371	1.300011e+01	-9.48933e-11	-8.72208e-11	3.305326e-10	
372	1.300013e+01	-8.81456e-11	3.280360e-11	1.889013e-10	
373	1.300017e+01	-1.16097e-07	-9.97382e-08	3.646473e-10	
374	1.300020e+01	5.629073e-10	-2.48654e-11	1.598324e-10	
375	1.300020e+01	-8.18958e-12	-2.28818e-13	-1.30109e-14	
376	1.300021e+01	-8.26990e-12	-2.28378e-13	1.300507e-14	
377	1.300023e+01	-8.18956e-12	-2.28818e-13	-1.30048e-14	
378	1.300027e+01	-8.26994e-12	-2.28378e-13	1.300440e-14	
379	1.300034e+01	-8.18957e-12	-2.28818e-13	-1.30042e-14	
380	1.300048e+01	-8.26994e-12	-2.28378e-13	1.300413e-14	
381	1.300076e+01	-8.18949e-12	-2.28818e-13	-1.30041e-14	
382	1.300132e+01	-8.26993e-12	-2.28378e-13	1.300406e-14	
383	1.300244e+01	-8.18954e-12	-2.28818e-13	-1.30040e-14	
384	1.300468e+01	-8.26989e-12	-2.28378e-13	1.300404e-14	
385	1.300917e+01	-8.18954e-12	-2.28818e-13	-1.30040e-14	
386	1.301815e+01	-8.26988e-12	-2.28378e-13	1.300404e-14	
387	1.303610e+01	-8.18951e-12	-2.28818e-13	-1.30040e-14	
388	1.307201e+01	-8.26989e-12	-2.28378e-13	1.300403e-14	
389	1.314383e+01	-8.18955e-12	-2.28818e-13	-1.30040e-14	
390	1.324383e+01	-8.26987e-12	-2.28378e-13	1.300403e-14	
391	1.334383e+01	-8.18954e-12	-2.28818e-13	-1.30040e-14	
392	1.344383e+01	-8.26983e-12	-2.28378e-13	1.300403e-14	
393	1.354383e+01	-8.18954e-12	-2.28818e-13	-1.30040e-14	
394	1.364383e+01	-8.26983e-12	-2.28378e-13	1.300403e-14	
395	1.374383e+01	-8.18954e-12	-2.28818e-13	-1.30040e-14	
396	1.384383e+01	-8.26983e-12	-2.28378e-13	1.300403e-14	
397	1.394383e+01	-8.18954e-12	-2.28818e-13	-1.30040e-14	
398	1.400000e+01	-8.26995e-12	-2.28378e-13	1.300403e-14	
399	1.400001e+01	1.478480e-10	-5.73505e-13	-2.46361e-10	
400	1.400003e+01	-1.15007e-07	-9.97191e-08	-2.93889e-10	
401	1.400007e+01	-1.10174e-10	-4.22868e-10	-2.59611e-10	
402	1.400010e+01	2.157662e-10	5.150759e-10	-3.07102e-10	

Index   time            v1#branch       v2#branch       v3#branch       
--------------------------------------------------------------------------------
403	1.400010e+01	-6.10202e-12	-2.04267e-12	5.370757e-13	
404	1.400011e+01	-6.58715e-12	8.176087e-13	-5.42870e-13	
405	1.400013e+01	-6.09451e-12	-2.08415e-12	5.507297e-13	
406	1.400017e+01	-6.59099e-12	8.268526e-13	-5.50682e-13	
407	1.400024e+01	-6.09456e-12	-2.08401e-12	5.506575e-13	
408	1.400038e+01	-6.59100e-12	8.267781e-13	-5.50654e-13	
409	1.400066e+01	-6.09459e-12	-2.08396e-12	5.506458e-13	
410	1.400123e+01	-6.59087e-12	8.267607e-13	-5.50645e-13	
411	1.400236e+01	-6.09453e-12	-2.08395e-12	5.506429e-13	
412	1.400463e+01	-6.59089e-12	8.267564e-13	-5.50643e-13	
413	1.400917e+01	-6.09456e-12	-2.08395e-12	5.506421e-13	
414	1.401824e+01	-6.59091e-12	8.267553e-13	-5.50642e-13	
415	1.403638e+01	-6.09460e-12	-2.08395e-12	5.506420e-13	
416	1.407266e+01	-6.59101e-12	8.267550e-13	-5.50642e-13	
417	1.414522e+01	-6.09456e-12	-2.08395e-12	5.506419e-13	
418	1.424522e+01	-6.59093e-12	8.267549e-13	-5.50642e-13	
419	1.434522e+01	-6.09458e-12	-2.08395e-12	5.506419e-13	
420	1.444522e+01	-6.59093e-12	8.267549e-13	-5.50642e-13	
421	1.454522e+01	-6.09458e-12	-2.08395e-12	5.506419e-13	
422	1.464522e+01	-6.59093e-12	8.267548e-13	-5.50642e-13	
423	1.474522e+01	-6.09458e-12	-2.08395e-12	5.506418e-13	
424	1.484522e+01	-6.59093e-12	8.267547e-13	-5.50642e-13	
425	1.494522e+01	-6.09458e-12	-2.08395e-12	5.506418e-13	
426	1.500010e+01	-6.59093e-12	8.267546e-13	-5.50642e-13	
427	1.500011e+01	-9.48933e-11	-8.72208e-11	3.305326e-10	
428	1.500013e+01	-8.81456e-11	3.280360e-11	1.889013e-10	
429	1.500017e+01	-1.16097e-07	-9.97382e-08	3.646473e-10	
430	1.500020e+01	5.629073e-10	-2.48654e-11	1.598324e-10	
431	1.500020e+01	-8.18958e-12	-2.28818e-13	-1.30109e-14	
432	1.500021e+01	-8.26990e-12	-2.28378e-13	1.300507e-14	
433	1.500023e+01	-8.18956e-12	-2.28818e-13	-1.30048e-14	
434	1.500027e+01	-8.26994e-12	-2.28378e-13	1.300440e-14	
435	1.500034e+01	-8.18957e-12	-2.28818e-13	-1.30042e-14	
436	1.500048e+01	-8.26994e-12	-2.28378e-13	1.300413e-14	
437	1.500076e+01	-8.18949e-12	-2.28818e-13	-1.30041e-14	
438	1.500132e+01	-8.26993e-12	-2.28378e-13	1.300406e-14	
439	1.500244e+01	-8.18954e-12	-2.28818e-13	-1.30040e-14	
440	1.500468e+01	-8.26989e-12	-2.28378e-13	1.300404e-14	
441	1.500917e+01	-8.18954e-12	-2.28818e-13	-1.30040e-14	
442	1.501815e+01	-8.26988e-12	-2.28378e-13	1.300404e-14	
443	1.503610e+01	-8.18951e-12	-2.28818e-13	-1.30040e-14	
444	1.507201e+01	-8.26989e-12	-2.28378e-13	1.300403e-14	
445	1.514383e+01	-8.18955e-12	-2.28818e-13	-1.30040e-14	
446	1.524383e+01	-8.26987e-12	-2.28378e-13	1.300403e-14	
447	1.534383e+01	-8.18954e-12	-2.28818e-13	-1.30040e-14	
448	1.544383e+01	-8.26983e-12	-2.28378e-13	1.300403e-14	
449	1.554383e+01	-8.18954e-12	-2.28818e-13	-1.30040e-14	
450	1.564383e+01	-8.26983e-12	-2.28378e-13	1.300403e-14	
451	1.574383e+01	-8.18954e-12	-2.28818e-13	-1.30040e-14	
452	1.584383e+01	-8.26983e-12	-2.28378e-13	1.300403e-14	
453	1.594383e+01	-8.18954e-12	-2.28818e-13	-1.30040e-14	
454	1.600000e+01	-8.26995e-12	-2.28378e-13	1.300403e-14	
455	1.600001e+01	1.478480e-10	-5.73505e-13	-2.46361e-10	
456	1.600003e+01	-1.15007e-07	-9.97191e-08	-2.93889e-10	
457	1.600007e+01	-1.10174e-10	-4.22868e-10	-2.59611e-10	
458	1.600010e+01	2.157662e-10	5.150759e-10	-3.07102e-10	
459	1.600010e+01	-6.10202e-12	-2.04267e-12	5.370757e-13	
460	1.600011e+01	-6.58715e-12	8.176087e-13	-5.42870e-13	

Index   time            v1#branch       v2#branch       v3#branch       
--------------------------------------------------------------------------------
461	1.600013e+01	-6.09451e-12	-2.08415e-12	5.507297e-13	
462	1.600017e+01	-6.59099e-12	8.268526e-13	-5.50682e-13	
463	1.600024e+01	-6.09456e-12	-2.08401e-12	5.506575e-13	
464	1.600038e+01	-6.59100e-12	8.267781e-13	-5.50654e-13	
465	1.600066e+01	-6.09459e-12	-2.08396e-12	5.506458e-13	
466	1.600123e+01	-6.59087e-12	8.267607e-13	-5.50645e-13	
467	1.600236e+01	-6.09453e-12	-2.08395e-12	5.506429e-13	
468	1.600463e+01	-6.59089e-12	8.267564e-13	-5.50643e-13	
469	1.600917e+01	-6.09456e-12	-2.08395e-12	5.506421e-13	
470	1.601824e+01	-6.59091e-12	8.267553e-13	-5.50642e-13	
471	1.603638e+01	-6.09460e-12	-2.08395e-12	5.506420e-13	
472	1.607266e+01	-6.59101e-12	8.267550e-13	-5.50642e-13	
473	1.614522e+01	-6.09456e-12	-2.08395e-12	5.506419e-13	
474	1.624522e+01	-6.59093e-12	8.267549e-13	-5.50642e-13	
475	1.634522e+01	-6.09458e-12	-2.08395e-12	5.506419e-13	
476	1.644522e+01	-6.59093e-12	8.267549e-13	-5.50642e-13	
477	1.654522e+01	-6.09458e-12	-2.08395e-12	5.506419e-13	
478	1.664522e+01	-6.59093e-12	8.267548e-13	-5.50642e-13	
479	1.674522e+01	-6.09458e-12	-2.08395e-12	5.506418e-13	
480	1.684522e+01	-6.59093e-12	8.267547e-13	-5.50642e-13	
481	1.694522e+01	-6.09458e-12	-2.08395e-12	5.506418e-13	
482	1.700010e+01	-6.59093e-12	8.267546e-13	-5.50642e-13	
483	1.700011e+01	-9.48933e-11	-8.72208e-11	3.305326e-10	
484	1.700013e+01	-8.81456e-11	3.280360e-11	1.889013e-10	
485	1.700017e+01	-1.16097e-07	-9.97382e-08	3.646473e-10	
486	1.700020e+01	5.629073e-10	-2.48654e-11	1.598324e-10	
487	1.700020e+01	-8.18957e-12	-2.28818e-13	-1.30109e-14	
488	1.700021e+01	-8.26990e-12	-2.28378e-13	1.300507e-14	
489	1.700023e+01	-8.18956e-12	-2.28818e-13	-1.30048e-14	
490	1.700027e+01	-8.26994e-12	-2.28378e-13	1.300440e-14	
491	1.700034e+01	-8.18957e-12	-2.28818e-13	-1.30042e-14	
492	1.700048e+01	-8.26994e-12	-2.28378e-13	1.300413e-14	
493	1.700076e+01	-8.18949e-12	-2.28818e-13	-1.30041e-14	
494	1.700132e+01	-8.26993e-12	-2.28378e-13	1.300406e-14	
495	1.700244e+01	-8.18954e-12	-2.28818e-13	-1.30040e-14	
496	1.700468e+01	-8.26989e-12	-2.28378e-13	1.300404e-14	
497	1.700917e+01	-8.18954e-12	-2.28818e-13	-1.30040e-14	
498	1.701815e+01	-8.26988e-12	-2.28378e-13	1.300404e-14	
499	1.703610e+01	-8.18951e-12	-2.28818e-13	-1.30040e-14	
500	1.707201e+01	-8.26989e-12	-2.28378e-13	1.300403e-14	
501	1.714383e+01	-8.18955e-12	-2.28818e-13	-1.30040e-14	
502	1.724383e+01	-8.26987e-12	-2.28378e-13	1.300403e-14	
503	1.734383e+01	-8.18954e-12	-2.28818e-13	-1.30040e-14	
504	1.744383e+01	-8.26983e-12	-2.28378e-13	1.300403e-14	
505	1.754383e+01	-8.18954e-12	-2.28818e-13	-1.30040e-14	
506	1.764383e+01	-8.26983e-12	-2.28378e-13	1.300403e-14	
507	1.774383e+01	-8.18954e-12	-2.28818e-13	-1.30040e-14	
508	1.784383e+01	-8.26983e-12	-2.28378e-13	1.300403e-14	
509	1.794383e+01	-8.18954e-12	-2.28818e-13	-1.30040e-14	
510	1.800000e+01	-8.26995e-12	-2.28378e-13	1.300403e-14	
511	1.800001e+01	1.478480e-10	-5.73505e-13	-2.46361e-10	
512	1.800003e+01	-1.15007e-07	-9.97191e-08	-2.93889e-10	
513	1.800007e+01	-1.10174e-10	-4.22868e-10	-2.59611e-10	
514	1.800010e+01	2.157662e-10	5.150759e-10	-3.07102e-10	
515	1.800010e+01	-6.10202e-12	-2.04267e-12	5.370757e-13	
516	1.800011e+01	-6.58715e-12	8.176087e-13	-5.42870e-13	
517	1.800013e+01	-6.09451e-12	-2.08415e-12	5.507297e-13	
518	1.800017e+01	-6.59099e-12	8.268526e-13	-5.50682e-13	

Index   time            v1#branch       v2#branch       v3#branch       
--------------------------------------------------------------------------------
519	1.800024e+01	-6.09456e-12	-2.08401e-12	5.506575e-13	
520	1.800038e+01	-6.59100e-12	8.267781e-13	-5.50654e-13	
521	1.800066e+01	-6.09459e-12	-2.08396e-12	5.506458e-13	
522	1.800123e+01	-6.59087e-12	8.267607e-13	-5.50645e-13	
523	1.800236e+01	-6.09453e-12	-2.08395e-12	5.506429e-13	
524	1.800463e+01	-6.59089e-12	8.267564e-13	-5.50643e-13	
525	1.800917e+01	-6.09456e-12	-2.08395e-12	5.506421e-13	
526	1.801824e+01	-6.59091e-12	8.267553e-13	-5.50642e-13	
527	1.803638e+01	-6.09460e-12	-2.08395e-12	5.506420e-13	
528	1.807266e+01	-6.59101e-12	8.267550e-13	-5.50642e-13	
529	1.814522e+01	-6.09456e-12	-2.08395e-12	5.506419e-13	
530	1.824522e+01	-6.59093e-12	8.267549e-13	-5.50642e-13	
531	1.834522e+01	-6.09458e-12	-2.08395e-12	5.506419e-13	
532	1.844522e+01	-6.59093e-12	8.267549e-13	-5.50642e-13	
533	1.854522e+01	-6.09458e-12	-2.08395e-12	5.506419e-13	
534	1.864522e+01	-6.59093e-12	8.267548e-13	-5.50642e-13	
535	1.874522e+01	-6.09458e-12	-2.08395e-12	5.506418e-13	
536	1.884522e+01	-6.59093e-12	8.267547e-13	-5.50642e-13	
537	1.894522e+01	-6.09458e-12	-2.08395e-12	5.506418e-13	
538	1.900010e+01	-6.59093e-12	8.267546e-13	-5.50642e-13	
539	1.900011e+01	-9.48933e-11	-8.72208e-11	3.305326e-10	
540	1.900013e+01	-8.81456e-11	3.280360e-11	1.889013e-10	
541	1.900017e+01	-1.16097e-07	-9.97382e-08	3.646473e-10	
542	1.900020e+01	5.629073e-10	-2.48654e-11	1.598324e-10	
543	1.900020e+01	-8.18957e-12	-2.28818e-13	-1.30109e-14	
544	1.900021e+01	-8.26990e-12	-2.28378e-13	1.300507e-14	
545	1.900023e+01	-8.18956e-12	-2.28818e-13	-1.30048e-14	
546	1.900027e+01	-8.26994e-12	-2.28378e-13	1.300440e-14	
547	1.900034e+01	-8.18957e-12	-2.28818e-13	-1.30042e-14	
548	1.900048e+01	-8.26994e-12	-2.28378e-13	1.300413e-14	
549	1.900076e+01	-8.18949e-12	-2.28818e-13	-1.30041e-14	
550	1.900132e+01	-8.26993e-12	-2.28378e-13	1.300406e-14	
551	1.900244e+01	-8.18954e-12	-2.28818e-13	-1.30040e-14	
552	1.900468e+01	-8.26989e-12	-2.28378e-13	1.300404e-14	
553	1.900917e+01	-8.18954e-12	-2.28818e-13	-1.30040e-14	
554	1.901815e+01	-8.26988e-12	-2.28378e-13	1.300404e-14	
555	1.903610e+01	-8.18951e-12	-2.28818e-13	-1.30040e-14	
556	1.907201e+01	-8.26989e-12	-2.28378e-13	1.300403e-14	
557	1.914383e+01	-8.18955e-12	-2.28818e-13	-1.30040e-14	
558	1.924383e+01	-8.26987e-12	-2.28378e-13	1.300403e-14	
559	1.934383e+01	-8.18954e-12	-2.28818e-13	-1.30040e-14	
560	1.944383e+01	-8.26983e-12	-2.28378e-13	1.300403e-14	
561	1.954383e+01	-8.18954e-12	-2.28818e-13	-1.30040e-14	
562	1.964383e+01	-8.26983e-12	-2.28378e-13	1.300403e-14	
563	1.974383e+01	-8.18954e-12	-2.28818e-13	-1.30040e-14	
564	1.984383e+01	-8.26983e-12	-2.28378e-13	1.300403e-14	
565	1.994383e+01	-8.18954e-12	-2.28818e-13	-1.30040e-14	
566	2.000000e+01	-8.26995e-12	-2.28378e-13	1.300403e-14	
